(14, 14) (19.17638090205042, 33.31851652578136) (-0.14213562373094923, 28.14213562373095) (-5.318516525781369, 8.823619097949592) (8.82361909794957, -5.318516525781362) (28.142135623730937, -0.142135623730967) (33.31851652578138, 19.176380902050386) 
(14, 45) (19.17638090205042, 64.31851652578136) (-0.14213562373094923, 59.14213562373095) (-5.318516525781369, 39.823619097949596) (8.82361909794957, 25.681483474218638) (28.142135623730937, 30.857864376269035) (33.31851652578138, 50.17638090205039) 
(14, 77) (19.17638090205042, 96.31851652578136) (-0.14213562373094923, 91.14213562373095) (-5.318516525781369, 71.82361909794959) (8.82361909794957, 57.68148347421864) (28.142135623730937, 62.857864376269035) (33.31851652578138, 82.17638090205038) 
(13, 105) (18.17638090205042, 124.31851652578136) (-1.1421356237309492, 119.14213562373095) (-6.318516525781369, 99.82361909794959) (7.823619097949569, 85.68148347421864) (27.142135623730937, 90.85786437626903) (32.31851652578138, 110.17638090205038) 
(13, 142) (18.17638090205042, 161.31851652578138) (-1.1421356237309492, 156.14213562373095) (-6.318516525781369, 136.8236190979496) (7.823619097949569, 122.68148347421864) (27.142135623730937, 127.85786437626903) (32.31851652578138, 147.1763809020504) 
(10, 173) (15.176380902050418, 192.31851652578138) (-4.142135623730949, 187.14213562373095) (-9.31851652578137, 167.8236190979496) (4.823619097949569, 153.68148347421862) (24.142135623730937, 158.85786437626902) (29.318516525781373, 178.1763809020504) 
(14, 204) (19.17638090205042, 223.31851652578138) (-0.14213562373094923, 218.14213562373095) (-5.318516525781369, 198.8236190979496) (8.82361909794957, 184.68148347421862) (28.142135623730937, 189.85786437626902) (33.31851652578138, 209.1763809020504) 
(11, 237) (16.17638090205042, 256.3185165257814) (-3.1421356237309492, 251.14213562373095) (-8.31851652578137, 231.8236190979496) (5.823619097949569, 217.68148347421862) (25.142135623730937, 222.85786437626902) (30.318516525781373, 242.1763809020504) 
(10, 272) (15.176380902050418, 291.3185165257814) (-4.142135623730949, 286.14213562373095) (-9.31851652578137, 266.8236190979496) (4.823619097949569, 252.68148347421862) (24.142135623730937, 257.85786437626905) (29.318516525781373, 277.17638090205037) 
(12, 302) (17.17638090205042, 321.3185165257814) (-2.1421356237309492, 316.14213562373095) (-7.318516525781369, 296.8236190979496) (6.823619097949569, 282.6814834742186) (26.142135623730937, 287.85786437626905) (31.318516525781373, 307.17638090205037) 
(7, 334) (12.176380902050418, 353.3185165257814) (-7.142135623730949, 348.14213562373095) (-12.31851652578137, 328.8236190979496) (1.8236190979495692, 314.6814834742186) (21.142135623730937, 319.85786437626905) (26.318516525781373, 339.17638090205037) 
(7, 368) (12.176380902050418, 387.3185165257814) (-7.142135623730949, 382.14213562373095) (-12.31851652578137, 362.8236190979496) (1.8236190979495692, 348.6814834742186) (21.142135623730937, 353.85786437626905) (26.318516525781373, 373.17638090205037) 
(13, 402) (18.17638090205042, 421.3185165257814) (-1.1421356237309492, 416.14213562373095) (-6.318516525781369, 396.8236190979496) (7.823619097949569, 382.6814834742186) (27.142135623730937, 387.85786437626905) (32.31851652578138, 407.17638090205037) 
(14, 436) (19.17638090205042, 455.3185165257814) (-0.14213562373094923, 450.14213562373095) (-5.318516525781369, 430.8236190979496) (8.82361909794957, 416.6814834742186) (28.142135623730937, 421.85786437626905) (33.31851652578138, 441.17638090205037) 
(15, 463) (20.17638090205042, 482.3185165257814) (0.8578643762690508, 477.14213562373095) (-4.318516525781369, 457.8236190979496) (9.82361909794957, 443.6814834742186) (29.142135623730937, 448.85786437626905) (34.31851652578138, 468.17638090205037) 
(13, 497) (18.17638090205042, 516.3185165257813) (-1.1421356237309492, 511.14213562373095) (-6.318516525781369, 491.8236190979496) (7.823619097949569, 477.6814834742186) (27.142135623730937, 482.85786437626905) (32.31851652578138, 502.17638090205037) 
(11, 526) (16.17638090205042, 545.3185165257813) (-3.1421356237309492, 540.142135623731) (-8.31851652578137, 520.8236190979496) (5.823619097949569, 506.6814834742186) (25.142135623730937, 511.85786437626905) (30.318516525781373, 531.1763809020504) 
(5, 558) (10.176380902050418, 577.3185165257813) (-9.14213562373095, 572.142135623731) (-14.31851652578137, 552.8236190979496) (-0.17638090205043078, 538.6814834742187) (19.142135623730937, 543.857864376269) (24.318516525781373, 563.1763809020504) 
(7, 580) (12.176380902050418, 599.3185165257813) (-7.142135623730949, 594.142135623731) (-12.31851652578137, 574.8236190979496) (1.8236190979495692, 560.6814834742187) (21.142135623730937, 565.857864376269) (26.318516525781373, 585.1763809020504) 
(41, 586) (46.17638090205042, 605.3185165257813) (26.85786437626905, 600.142135623731) (21.68148347421863, 580.8236190979496) (35.82361909794957, 566.6814834742187) (55.14213562373094, 571.857864376269) (60.31851652578138, 591.1763809020504) 
(74, 586) (79.17638090205043, 605.3185165257813) (59.85786437626905, 600.142135623731) (54.68148347421863, 580.8236190979496) (68.82361909794957, 566.6814834742187) (88.14213562373094, 571.857864376269) (93.31851652578138, 591.1763809020504) 
(106, 586) (111.17638090205043, 605.3185165257813) (91.85786437626905, 600.142135623731) (86.68148347421862, 580.8236190979496) (100.82361909794957, 566.6814834742187) (120.14213562373094, 571.857864376269) (125.31851652578138, 591.1763809020504) 
(134, 590) (139.17638090205043, 609.3185165257813) (119.85786437626905, 604.142135623731) (114.68148347421862, 584.8236190979496) (128.82361909794957, 570.6814834742187) (148.14213562373095, 575.857864376269) (153.31851652578138, 595.1763809020504) 
(169, 589) (174.17638090205043, 608.3185165257813) (154.85786437626905, 603.142135623731) (149.68148347421862, 583.8236190979496) (163.82361909794957, 569.6814834742187) (183.14213562373095, 574.857864376269) (188.31851652578138, 594.1763809020504) 
(207, 583) (212.17638090205043, 602.3185165257813) (192.85786437626905, 597.142135623731) (187.68148347421862, 577.8236190979496) (201.82361909794957, 563.6814834742187) (221.14213562373095, 568.857864376269) (226.31851652578138, 588.1763809020504) 
(241, 586) (246.17638090205043, 605.3185165257813) (226.85786437626905, 600.142135623731) (221.68148347421862, 580.8236190979496) (235.82361909794957, 566.6814834742187) (255.14213562373095, 571.857864376269) (260.3185165257814, 591.1763809020504) 
(275, 585) (280.1763809020504, 604.3185165257813) (260.85786437626905, 599.142135623731) (255.68148347421862, 579.8236190979496) (269.8236190979496, 565.6814834742187) (289.14213562373095, 570.857864376269) (294.3185165257814, 590.1763809020504) 
(304, 584) (309.1763809020504, 603.3185165257813) (289.85786437626905, 598.142135623731) (284.6814834742186, 578.8236190979496) (298.8236190979496, 564.6814834742187) (318.14213562373095, 569.857864376269) (323.3185165257814, 589.1763809020504) 
(334, 584) (339.1763809020504, 603.3185165257813) (319.85786437626905, 598.142135623731) (314.6814834742186, 578.8236190979496) (328.8236190979496, 564.6814834742187) (348.14213562373095, 569.857864376269) (353.3185165257814, 589.1763809020504) 
(369, 581) (374.1763809020504, 600.3185165257813) (354.85786437626905, 595.142135623731) (349.6814834742186, 575.8236190979496) (363.8236190979496, 561.6814834742187) (383.14213562373095, 566.857864376269) (388.3185165257814, 586.1763809020504) 
(394, 586) (399.1763809020504, 605.3185165257813) (379.85786437626905, 600.142135623731) (374.6814834742186, 580.8236190979496) (388.8236190979496, 566.6814834742187) (408.14213562373095, 571.857864376269) (413.3185165257814, 591.1763809020504) 
(431, 583) (436.1763809020504, 602.3185165257813) (416.85786437626905, 597.142135623731) (411.6814834742186, 577.8236190979496) (425.8236190979496, 563.6814834742187) (445.14213562373095, 568.857864376269) (450.3185165257814, 588.1763809020504) 
(457, 583) (462.1763809020504, 602.3185165257813) (442.85786437626905, 597.142135623731) (437.6814834742186, 577.8236190979496) (451.8236190979496, 563.6814834742187) (471.14213562373095, 568.857864376269) (476.3185165257814, 588.1763809020504) 
(498, 586) (503.1763809020504, 605.3185165257813) (483.85786437626905, 600.142135623731) (478.6814834742186, 580.8236190979496) (492.8236190979496, 566.6814834742187) (512.142135623731, 571.857864376269) (517.3185165257813, 591.1763809020504) 
(533, 590) (538.1763809020504, 609.3185165257813) (518.857864376269, 604.142135623731) (513.6814834742187, 584.8236190979496) (527.8236190979495, 570.6814834742187) (547.142135623731, 575.857864376269) (552.3185165257813, 595.1763809020504) 
(568, 583) (573.1763809020504, 602.3185165257813) (553.857864376269, 597.142135623731) (548.6814834742187, 577.8236190979496) (562.8236190979495, 563.6814834742187) (582.142135623731, 568.857864376269) (587.3185165257813, 588.1763809020504) 
(599, 588) (604.1763809020504, 607.3185165257813) (584.857864376269, 602.142135623731) (579.6814834742187, 582.8236190979496) (593.8236190979495, 568.6814834742187) (613.142135623731, 573.857864376269) (618.3185165257813, 593.1763809020504) 
(633, 582) (638.1763809020504, 601.3185165257813) (618.857864376269, 596.142135623731) (613.6814834742187, 576.8236190979496) (627.8236190979495, 562.6814834742187) (647.142135623731, 567.857864376269) (652.3185165257813, 587.1763809020504) 
(667, 585) (672.1763809020504, 604.3185165257813) (652.857864376269, 599.142135623731) (647.6814834742187, 579.8236190979496) (661.8236190979495, 565.6814834742187) (681.142135623731, 570.857864376269) (686.3185165257813, 590.1763809020504) 
(696, 584) (701.1763809020504, 603.3185165257813) (681.857864376269, 598.142135623731) (676.6814834742187, 578.8236190979496) (690.8236190979495, 564.6814834742187) (710.142135623731, 569.857864376269) (715.3185165257813, 589.1763809020504) 
(723, 581) (728.1763809020504, 600.3185165257813) (708.857864376269, 595.142135623731) (703.6814834742187, 575.8236190979496) (717.8236190979495, 561.6814834742187) (737.142135623731, 566.857864376269) (742.3185165257813, 586.1763809020504) 
(752, 580) (757.1763809020504, 599.3185165257813) (737.857864376269, 594.142135623731) (732.6814834742187, 574.8236190979496) (746.8236190979495, 560.6814834742187) (766.142135623731, 565.857864376269) (771.3185165257813, 585.1763809020504) 
(781, 580) (786.1763809020504, 599.3185165257813) (766.857864376269, 594.142135623731) (761.6814834742187, 574.8236190979496) (775.8236190979495, 560.6814834742187) (795.142135623731, 565.857864376269) (800.3185165257813, 585.1763809020504) 
(781, 554) (786.1763809020504, 573.3185165257813) (766.857864376269, 568.142135623731) (761.6814834742187, 548.8236190979496) (775.8236190979495, 534.6814834742187) (795.142135623731, 539.857864376269) (800.3185165257813, 559.1763809020504) 
(780, 511) (785.1763809020504, 530.3185165257813) (765.857864376269, 525.142135623731) (760.6814834742187, 505.8236190979496) (774.8236190979495, 491.6814834742186) (794.142135623731, 496.85786437626905) (799.3185165257813, 516.1763809020504) 
(781, 481) (786.1763809020504, 500.3185165257814) (766.857864376269, 495.14213562373095) (761.6814834742187, 475.8236190979496) (775.8236190979495, 461.6814834742186) (795.142135623731, 466.85786437626905) (800.3185165257813, 486.17638090205037) 
(779, 537) (784.1763809020504, 556.3185165257813) (764.857864376269, 551.142135623731) (759.6814834742187, 531.8236190979496) (773.8236190979495, 517.6814834742187) (793.142135623731, 522.857864376269) (798.3185165257813, 542.1763809020504) 
(779, 444) (784.1763809020504, 463.3185165257814) (764.857864376269, 458.14213562373095) (759.6814834742187, 438.8236190979496) (773.8236190979495, 424.6814834742186) (793.142135623731, 429.85786437626905) (798.3185165257813, 449.17638090205037) 
(780, 412) (785.1763809020504, 431.3185165257814) (765.857864376269, 426.14213562373095) (760.6814834742187, 406.8236190979496) (774.8236190979495, 392.6814834742186) (794.142135623731, 397.85786437626905) (799.3185165257813, 417.17638090205037) 
(781, 367) (786.1763809020504, 386.3185165257814) (766.857864376269, 381.14213562373095) (761.6814834742187, 361.8236190979496) (775.8236190979495, 347.6814834742186) (795.142135623731, 352.85786437626905) (800.3185165257813, 372.17638090205037) 
(779, 384) (784.1763809020504, 403.3185165257814) (764.857864376269, 398.14213562373095) (759.6814834742187, 378.8236190979496) (773.8236190979495, 364.6814834742186) (793.142135623731, 369.85786437626905) (798.3185165257813, 389.17638090205037) 
(782, 329) (787.1763809020504, 348.3185165257814) (767.857864376269, 343.14213562373095) (762.6814834742187, 323.8236190979496) (776.8236190979495, 309.6814834742186) (796.142135623731, 314.85786437626905) (801.3185165257813, 334.17638090205037) 
(782, 291) (787.1763809020504, 310.3185165257814) (767.857864376269, 305.14213562373095) (762.6814834742187, 285.8236190979496) (776.8236190979495, 271.6814834742186) (796.142135623731, 276.85786437626905) (801.3185165257813, 296.17638090205037) 
(783, 265) (788.1763809020504, 284.3185165257814) (768.857864376269, 279.14213562373095) (763.6814834742187, 259.8236190979496) (777.8236190979495, 245.68148347421862) (797.142135623731, 250.85786437626902) (802.3185165257813, 270.17638090205037) 
(783, 231) (788.1763809020504, 250.31851652578138) (768.857864376269, 245.14213562373095) (763.6814834742187, 225.8236190979496) (777.8236190979495, 211.68148347421862) (797.142135623731, 216.85786437626902) (802.3185165257813, 236.1763809020504) 
(782, 189) (787.1763809020504, 208.31851652578138) (767.857864376269, 203.14213562373095) (762.6814834742187, 183.8236190979496) (776.8236190979495, 169.68148347421862) (796.142135623731, 174.85786437626902) (801.3185165257813, 194.1763809020504) 
(784, 163) (789.1763809020504, 182.31851652578138) (769.857864376269, 177.14213562373095) (764.6814834742187, 157.8236190979496) (778.8236190979495, 143.68148347421862) (798.142135623731, 148.85786437626902) (803.3185165257813, 168.1763809020504) 
(786, 206) (791.1763809020504, 225.31851652578138) (771.857864376269, 220.14213562373095) (766.6814834742187, 200.8236190979496) (780.8236190979495, 186.68148347421862) (800.142135623731, 191.85786437626902) (805.3185165257813, 211.1763809020504) 
(782, 129) (787.1763809020504, 148.31851652578138) (767.857864376269, 143.14213562373095) (762.6814834742187, 123.82361909794959) (776.8236190979495, 109.68148347421864) (796.142135623731, 114.85786437626903) (801.3185165257813, 134.1763809020504) 
(781, 92) (786.1763809020504, 111.31851652578136) (766.857864376269, 106.14213562373095) (761.6814834742187, 86.82361909794959) (775.8236190979495, 72.68148347421864) (795.142135623731, 77.85786437626903) (800.3185165257813, 97.17638090205038) 
(777, 55) (782.1763809020504, 74.31851652578136) (762.857864376269, 69.14213562373095) (757.6814834742187, 49.823619097949596) (771.8236190979495, 35.68148347421864) (791.142135623731, 40.857864376269035) (796.3185165257813, 60.17638090205039) 
(784, 26) (789.1763809020504, 45.31851652578136) (769.857864376269, 40.14213562373095) (764.6814834742187, 20.823619097949592) (778.8236190979495, 6.681483474218638) (798.142135623731, 11.857864376269033) (803.3185165257813, 31.176380902050386) 
(35, 7) (40.17638090205042, 26.318516525781362) (20.85786437626905, 21.14213562373095) (15.68148347421863, 1.8236190979495932) (29.823619097949567, -12.318516525781362) (49.14213562373094, -7.142135623730967) (54.31851652578138, 12.176380902050386) 
(67, 12) (72.17638090205043, 31.318516525781362) (52.85786437626905, 26.14213562373095) (47.68148347421863, 6.823619097949593) (61.82361909794957, -7.318516525781362) (81.14213562373094, -2.142135623730967) (86.31851652578138, 17.176380902050386) 
(93, 9) (98.17638090205043, 28.318516525781362) (78.85786437626905, 23.14213562373095) (73.68148347421862, 3.823619097949593) (87.82361909794957, -10.318516525781362) (107.14213562373094, -5.142135623730967) (112.31851652578138, 14.176380902050386) 
(118, 9) (123.17638090205043, 28.318516525781362) (103.85786437626905, 23.14213562373095) (98.68148347421862, 3.823619097949593) (112.82361909794957, -10.318516525781362) (132.14213562373095, -5.142135623730967) (137.31851652578138, 14.176380902050386) 
(146, 14) (151.17638090205043, 33.31851652578136) (131.85786437626905, 28.14213562373095) (126.68148347421862, 8.823619097949592) (140.82361909794957, -5.318516525781362) (160.14213562373095, -0.142135623730967) (165.31851652578138, 19.176380902050386) 
(184, 15) (189.17638090205043, 34.31851652578136) (169.85786437626905, 29.14213562373095) (164.68148347421862, 9.823619097949592) (178.82361909794957, -4.318516525781362) (198.14213562373095, 0.857864376269033) (203.31851652578138, 20.176380902050386) 
(203, 8) (208.17638090205043, 27.318516525781362) (188.85786437626905, 22.14213562373095) (183.68148347421862, 2.823619097949593) (197.82361909794957, -11.318516525781362) (217.14213562373095, -6.142135623730967) (222.31851652578138, 13.176380902050386) 
(233, 8) (238.17638090205043, 27.318516525781362) (218.85786437626905, 22.14213562373095) (213.68148347421862, 2.823619097949593) (227.82361909794957, -11.318516525781362) (247.14213562373095, -6.142135623730967) (252.31851652578138, 13.176380902050386) 
(265, 9) (270.1763809020504, 28.318516525781362) (250.85786437626905, 23.14213562373095) (245.68148347421862, 3.823619097949593) (259.8236190979496, -10.318516525781362) (279.14213562373095, -5.142135623730967) (284.3185165257814, 14.176380902050386) 
(299, 5) (304.1763809020504, 24.318516525781362) (284.85786437626905, 19.14213562373095) (279.6814834742186, -0.1763809020504068) (293.8236190979496, -14.318516525781362) (313.14213562373095, -9.142135623730967) (318.3185165257814, 10.176380902050386) 
(331, 8) (336.1763809020504, 27.318516525781362) (316.85786437626905, 22.14213562373095) (311.6814834742186, 2.823619097949593) (325.8236190979496, -11.318516525781362) (345.14213562373095, -6.142135623730967) (350.3185165257814, 13.176380902050386) 
(365, 5) (370.1763809020504, 24.318516525781362) (350.85786437626905, 19.14213562373095) (345.6814834742186, -0.1763809020504068) (359.8236190979496, -14.318516525781362) (379.14213562373095, -9.142135623730967) (384.3185165257814, 10.176380902050386) 
(401, 5) (406.1763809020504, 24.318516525781362) (386.85786437626905, 19.14213562373095) (381.6814834742186, -0.1763809020504068) (395.8236190979496, -14.318516525781362) (415.14213562373095, -9.142135623730967) (420.3185165257814, 10.176380902050386) 
(436, 7) (441.1763809020504, 26.318516525781362) (421.85786437626905, 21.14213562373095) (416.6814834742186, 1.8236190979495932) (430.8236190979496, -12.318516525781362) (450.14213562373095, -7.142135623730967) (455.3185165257814, 12.176380902050386) 
(465, 9) (470.1763809020504, 28.318516525781362) (450.85786437626905, 23.14213562373095) (445.6814834742186, 3.823619097949593) (459.8236190979496, -10.318516525781362) (479.14213562373095, -5.142135623730967) (484.3185165257814, 14.176380902050386) 
(490, 6) (495.1763809020504, 25.318516525781362) (475.85786437626905, 20.14213562373095) (470.6814834742186, 0.8236190979495932) (484.8236190979496, -13.318516525781362) (504.14213562373095, -8.142135623730967) (509.3185165257814, 11.176380902050386) 
(525, 7) (530.1763809020504, 26.318516525781362) (510.85786437626905, 21.14213562373095) (505.6814834742186, 1.8236190979495932) (519.8236190979495, -12.318516525781362) (539.142135623731, -7.142135623730967) (544.3185165257813, 12.176380902050386) 
(556, 9) (561.1763809020504, 28.318516525781362) (541.857864376269, 23.14213562373095) (536.6814834742187, 3.823619097949593) (550.8236190979495, -10.318516525781362) (570.142135623731, -5.142135623730967) (575.3185165257813, 14.176380902050386) 
(586, 8) (591.1763809020504, 27.318516525781362) (571.857864376269, 22.14213562373095) (566.6814834742187, 2.823619097949593) (580.8236190979495, -11.318516525781362) (600.142135623731, -6.142135623730967) (605.3185165257813, 13.176380902050386) 
(617, 7) (622.1763809020504, 26.318516525781362) (602.857864376269, 21.14213562373095) (597.6814834742187, 1.8236190979495932) (611.8236190979495, -12.318516525781362) (631.142135623731, -7.142135623730967) (636.3185165257813, 12.176380902050386) 
(641, 8) (646.1763809020504, 27.318516525781362) (626.857864376269, 22.14213562373095) (621.6814834742187, 2.823619097949593) (635.8236190979495, -11.318516525781362) (655.142135623731, -6.142135623730967) (660.3185165257813, 13.176380902050386) 
(669, 9) (674.1763809020504, 28.318516525781362) (654.857864376269, 23.14213562373095) (649.6814834742187, 3.823619097949593) (663.8236190979495, -10.318516525781362) (683.142135623731, -5.142135623730967) (688.3185165257813, 14.176380902050386) 
(706, 7) (711.1763809020504, 26.318516525781362) (691.857864376269, 21.14213562373095) (686.6814834742187, 1.8236190979495932) (700.8236190979495, -12.318516525781362) (720.142135623731, -7.142135623730967) (725.3185165257813, 12.176380902050386) 
(735, 9) (740.1763809020504, 28.318516525781362) (720.857864376269, 23.14213562373095) (715.6814834742187, 3.823619097949593) (729.8236190979495, -10.318516525781362) (749.142135623731, -5.142135623730967) (754.3185165257813, 14.176380902050386) 
(761, 7) (766.1763809020504, 26.318516525781362) (746.857864376269, 21.14213562373095) (741.6814834742187, 1.8236190979495932) (755.8236190979495, -12.318516525781362) (775.142135623731, -7.142135623730967) (780.3185165257813, 12.176380902050386) 
(41, 171) (46.17638090205042, 190.31851652578138) (26.85786437626905, 185.14213562373095) (21.68148347421863, 165.8236190979496) (35.82361909794957, 151.68148347421862) (55.14213562373094, 156.85786437626902) (60.31851652578138, 176.1763809020504) 
(80, 168) (85.17638090205043, 187.31851652578138) (65.85786437626905, 182.14213562373095) (60.68148347421863, 162.8236190979496) (74.82361909794957, 148.68148347421862) (94.14213562373094, 153.85786437626902) (99.31851652578138, 173.1763809020504) 
(109, 172) (114.17638090205043, 191.31851652578138) (94.85786437626905, 186.14213562373095) (89.68148347421862, 166.8236190979496) (103.82361909794957, 152.68148347421862) (123.14213562373094, 157.85786437626902) (128.31851652578138, 177.1763809020504) 
(138, 171) (143.17638090205043, 190.31851652578138) (123.85786437626905, 185.14213562373095) (118.68148347421862, 165.8236190979496) (132.82361909794957, 151.68148347421862) (152.14213562373095, 156.85786437626902) (157.31851652578138, 176.1763809020504) 
(51, 171) (56.17638090205042, 190.31851652578138) (36.85786437626905, 185.14213562373095) (31.68148347421863, 165.8236190979496) (45.82361909794957, 151.68148347421862) (65.14213562373094, 156.85786437626902) (70.31851652578138, 176.1763809020504) 
(280, 32) (285.1763809020504, 51.31851652578136) (265.85786437626905, 46.14213562373095) (260.6814834742186, 26.823619097949592) (274.8236190979496, 12.681483474218638) (294.14213562373095, 17.857864376269035) (299.3185165257814, 37.17638090205039) 
(280, 69) (285.1763809020504, 88.31851652578136) (265.85786437626905, 83.14213562373095) (260.6814834742186, 63.823619097949596) (274.8236190979496, 49.68148347421864) (294.14213562373095, 54.857864376269035) (299.3185165257814, 74.17638090205038) 
(281, 94) (286.1763809020504, 113.31851652578136) (266.85786437626905, 108.14213562373095) (261.6814834742186, 88.82361909794959) (275.8236190979496, 74.68148347421864) (295.14213562373095, 79.85786437626903) (300.3185165257814, 99.17638090205038) 
(283, 123) (288.1763809020504, 142.31851652578138) (268.85786437626905, 137.14213562373095) (263.6814834742186, 117.82361909794959) (277.8236190979496, 103.68148347421864) (297.14213562373095, 108.85786437626903) (302.3185165257814, 128.1763809020504) 
(281, 154) (286.1763809020504, 173.31851652578138) (266.85786437626905, 168.14213562373095) (261.6814834742186, 148.8236190979496) (275.8236190979496, 134.68148347421862) (295.14213562373095, 139.85786437626902) (300.3185165257814, 159.1763809020504) 
(249, 168) (254.17638090205043, 187.31851652578138) (234.85786437626905, 182.14213562373095) (229.68148347421862, 162.8236190979496) (243.82361909794957, 148.68148347421862) (263.14213562373095, 153.85786437626902) (268.3185165257814, 173.1763809020504) 
(220, 170) (225.17638090205043, 189.31851652578138) (205.85786437626905, 184.14213562373095) (200.68148347421862, 164.8236190979496) (214.82361909794957, 150.68148347421862) (234.14213562373095, 155.85786437626902) (239.31851652578138, 175.1763809020504) 
(537, 25) (542.1763809020504, 44.31851652578136) (522.857864376269, 39.14213562373095) (517.6814834742187, 19.823619097949592) (531.8236190979495, 5.681483474218638) (551.142135623731, 10.857864376269033) (556.3185165257813, 30.176380902050386) 
(540, 59) (545.1763809020504, 78.31851652578136) (525.857864376269, 73.14213562373095) (520.6814834742187, 53.823619097949596) (534.8236190979495, 39.68148347421864) (554.142135623731, 44.857864376269035) (559.3185165257813, 64.17638090205038) 
(540, 90) (545.1763809020504, 109.31851652578136) (525.857864376269, 104.14213562373095) (520.6814834742187, 84.82361909794959) (534.8236190979495, 70.68148347421864) (554.142135623731, 75.85786437626903) (559.3185165257813, 95.17638090205038) 
(539, 118) (544.1763809020504, 137.31851652578138) (524.857864376269, 132.14213562373095) (519.6814834742187, 112.82361909794959) (533.8236190979495, 98.68148347421864) (553.142135623731, 103.85786437626903) (558.3185165257813, 123.17638090205038) 
(534, 156) (539.1763809020504, 175.31851652578138) (519.857864376269, 170.14213562373095) (514.6814834742187, 150.8236190979496) (528.8236190979495, 136.68148347421862) (548.142135623731, 141.85786437626902) (553.3185165257813, 161.1763809020504) 
(532, 187) (537.1763809020504, 206.31851652578138) (517.857864376269, 201.14213562373095) (512.6814834742187, 181.8236190979496) (526.8236190979495, 167.68148347421862) (546.142135623731, 172.85786437626902) (551.3185165257813, 192.1763809020504) 
(533, 261) (538.1763809020504, 280.3185165257814) (518.857864376269, 275.14213562373095) (513.6814834742187, 255.8236190979496) (527.8236190979495, 241.68148347421862) (547.142135623731, 246.85786437626902) (552.3185165257813, 266.17638090205037) 
(536, 294) (541.1763809020504, 313.3185165257814) (521.857864376269, 308.14213562373095) (516.6814834742187, 288.8236190979496) (530.8236190979495, 274.6814834742186) (550.142135623731, 279.85786437626905) (555.3185165257813, 299.17638090205037) 
(535, 320) (540.1763809020504, 339.3185165257814) (520.857864376269, 334.14213562373095) (515.6814834742187, 314.8236190979496) (529.8236190979495, 300.6814834742186) (549.142135623731, 305.85786437626905) (554.3185165257813, 325.17638090205037) 
(563, 320) (568.1763809020504, 339.3185165257814) (548.857864376269, 334.14213562373095) (543.6814834742187, 314.8236190979496) (557.8236190979495, 300.6814834742186) (577.142135623731, 305.85786437626905) (582.3185165257813, 325.17638090205037) 
(595, 321) (600.1763809020504, 340.3185165257814) (580.857864376269, 335.14213562373095) (575.6814834742187, 315.8236190979496) (589.8236190979495, 301.6814834742186) (609.142135623731, 306.85786437626905) (614.3185165257813, 326.17638090205037) 
(625, 320) (630.1763809020504, 339.3185165257814) (610.857864376269, 334.14213562373095) (605.6814834742187, 314.8236190979496) (619.8236190979495, 300.6814834742186) (639.142135623731, 305.85786437626905) (644.3185165257813, 325.17638090205037) 
(661, 317) (666.1763809020504, 336.3185165257814) (646.857864376269, 331.14213562373095) (641.6814834742187, 311.8236190979496) (655.8236190979495, 297.6814834742186) (675.142135623731, 302.85786437626905) (680.3185165257813, 322.17638090205037) 
(693, 316) (698.1763809020504, 335.3185165257814) (678.857864376269, 330.14213562373095) (673.6814834742187, 310.8236190979496) (687.8236190979495, 296.6814834742186) (707.142135623731, 301.85786437626905) (712.3185165257813, 321.17638090205037) 
(724, 313) (729.1763809020504, 332.3185165257814) (709.857864376269, 327.14213562373095) (704.6814834742187, 307.8236190979496) (718.8236190979495, 293.6814834742186) (738.142135623731, 298.85786437626905) (743.3185165257813, 318.17638090205037) 
(752, 313) (757.1763809020504, 332.3185165257814) (737.857864376269, 327.14213562373095) (732.6814834742187, 307.8236190979496) (746.8236190979495, 293.6814834742186) (766.142135623731, 298.85786437626905) (771.3185165257813, 318.17638090205037) 
(525, 335) (530.1763809020504, 354.3185165257814) (510.85786437626905, 349.14213562373095) (505.6814834742186, 329.8236190979496) (519.8236190979495, 315.6814834742186) (539.142135623731, 320.85786437626905) (544.3185165257813, 340.17638090205037) 
(486, 331) (491.1763809020504, 350.3185165257814) (471.85786437626905, 345.14213562373095) (466.6814834742186, 325.8236190979496) (480.8236190979496, 311.6814834742186) (500.14213562373095, 316.85786437626905) (505.3185165257814, 336.17638090205037) 
(479, 360) (484.1763809020504, 379.3185165257814) (464.85786437626905, 374.14213562373095) (459.6814834742186, 354.8236190979496) (473.8236190979496, 340.6814834742186) (493.14213562373095, 345.85786437626905) (498.3185165257814, 365.17638090205037) 
(479, 386) (484.1763809020504, 405.3185165257814) (464.85786437626905, 400.14213562373095) (459.6814834742186, 380.8236190979496) (473.8236190979496, 366.6814834742186) (493.14213562373095, 371.85786437626905) (498.3185165257814, 391.17638090205037) 
(484, 425) (489.1763809020504, 444.3185165257814) (469.85786437626905, 439.14213562373095) (464.6814834742186, 419.8236190979496) (478.8236190979496, 405.6814834742186) (498.14213562373095, 410.85786437626905) (503.3185165257814, 430.17638090205037) 
(489, 501) (494.1763809020504, 520.3185165257813) (474.85786437626905, 515.142135623731) (469.6814834742186, 495.8236190979496) (483.8236190979496, 481.6814834742186) (503.14213562373095, 486.85786437626905) (508.3185165257814, 506.17638090205037) 
(493, 538) (498.1763809020504, 557.3185165257813) (478.85786437626905, 552.142135623731) (473.6814834742186, 532.8236190979496) (487.8236190979496, 518.6814834742187) (507.14213562373095, 523.857864376269) (512.3185165257813, 543.1763809020504) 
(494, 556) (499.1763809020504, 575.3185165257813) (479.85786437626905, 570.142135623731) (474.6814834742186, 550.8236190979496) (488.8236190979496, 536.6814834742187) (508.14213562373095, 541.857864376269) (513.3185165257813, 561.1763809020504) 
(498, 193) (503.1763809020504, 212.31851652578138) (483.85786437626905, 207.14213562373095) (478.6814834742186, 187.8236190979496) (492.8236190979496, 173.68148347421862) (512.142135623731, 178.85786437626902) (517.3185165257813, 198.1763809020504) 
(497, 253) (502.1763809020504, 272.3185165257814) (482.85786437626905, 267.14213562373095) (477.6814834742186, 247.8236190979496) (491.8236190979496, 233.68148347421862) (511.14213562373095, 238.85786437626902) (516.3185165257813, 258.17638090205037) 
(451, 500) (456.1763809020504, 519.3185165257813) (436.85786437626905, 514.142135623731) (431.6814834742186, 494.8236190979496) (445.8236190979496, 480.6814834742186) (465.14213562373095, 485.85786437626905) (470.3185165257814, 505.17638090205037) 
(445, 418) (450.1763809020504, 437.3185165257814) (430.85786437626905, 432.14213562373095) (425.6814834742186, 412.8236190979496) (439.8236190979496, 398.6814834742186) (459.14213562373095, 403.85786437626905) (464.3185165257814, 423.17638090205037) 
(172, 303) (177.17638090205043, 322.3185165257814) (157.85786437626905, 317.14213562373095) (152.68148347421862, 297.8236190979496) (166.82361909794957, 283.6814834742186) (186.14213562373095, 288.85786437626905) (191.31851652578138, 308.17638090205037) 
(151, 333) (156.17638090205043, 352.3185165257814) (136.85786437626905, 347.14213562373095) (131.68148347421862, 327.8236190979496) (145.82361909794957, 313.6814834742186) (165.14213562373095, 318.85786437626905) (170.31851652578138, 338.17638090205037) 
(161, 371) (166.17638090205043, 390.3185165257814) (146.85786437626905, 385.14213562373095) (141.68148347421862, 365.8236190979496) (155.82361909794957, 351.6814834742186) (175.14213562373095, 356.85786437626905) (180.31851652578138, 376.17638090205037) 
(183, 397) (188.17638090205043, 416.3185165257814) (168.85786437626905, 411.14213562373095) (163.68148347421862, 391.8236190979496) (177.82361909794957, 377.6814834742186) (197.14213562373095, 382.85786437626905) (202.31851652578138, 402.17638090205037) 
(217, 395) (222.17638090205043, 414.3185165257814) (202.85786437626905, 409.14213562373095) (197.68148347421862, 389.8236190979496) (211.82361909794957, 375.6814834742186) (231.14213562373095, 380.85786437626905) (236.31851652578138, 400.17638090205037) 
(243, 370) (248.17638090205043, 389.3185165257814) (228.85786437626905, 384.14213562373095) (223.68148347421862, 364.8236190979496) (237.82361909794957, 350.6814834742186) (257.14213562373095, 355.85786437626905) (262.3185165257814, 375.17638090205037) 
(258, 338) (263.1763809020504, 357.3185165257814) (243.85786437626905, 352.14213562373095) (238.68148347421862, 332.8236190979496) (252.82361909794957, 318.6814834742186) (272.14213562373095, 323.85786437626905) (277.3185165257814, 343.17638090205037) 
(232, 310) (237.17638090205043, 329.3185165257814) (217.85786437626905, 324.14213562373095) (212.68148347421862, 304.8236190979496) (226.82361909794957, 290.6814834742186) (246.14213562373095, 295.85786437626905) (251.31851652578138, 315.17638090205037) 
(202, 309) (207.17638090205043, 328.3185165257814) (187.85786437626905, 323.14213562373095) (182.68148347421862, 303.8236190979496) (196.82361909794957, 289.6814834742186) (216.14213562373095, 294.85786437626905) (221.31851652578138, 314.17638090205037) 
(465, 396) (470.1763809020504, 415.3185165257814) (450.85786437626905, 410.14213562373095) (445.6814834742186, 390.8236190979496) (459.8236190979496, 376.6814834742186) (479.14213562373095, 381.85786437626905) (484.3185165257814, 401.17638090205037) 

