(16, 120) (21.17638090205042, 139.31851652578138) (1.8578643762690508, 134.14213562373095) (-3.3185165257813694, 114.82361909794959) (10.82361909794957, 100.68148347421864) (30.142135623730937, 105.85786437626903) (35.31851652578138, 125.17638090205038) 
(50, 128) (55.17638090205042, 147.31851652578138) (35.85786437626905, 142.14213562373095) (30.68148347421863, 122.82361909794959) (44.82361909794957, 108.68148347421864) (64.14213562373094, 113.85786437626903) (69.31851652578138, 133.1763809020504) 
(75, 130) (80.17638090205043, 149.31851652578138) (60.85786437626905, 144.14213562373095) (55.68148347421863, 124.82361909794959) (69.82361909794957, 110.68148347421864) (89.14213562373094, 115.85786437626903) (94.31851652578138, 135.1763809020504) 
(101, 130) (106.17638090205043, 149.31851652578138) (86.85786437626905, 144.14213562373095) (81.68148347421862, 124.82361909794959) (95.82361909794957, 110.68148347421864) (115.14213562373094, 115.85786437626903) (120.31851652578138, 135.1763809020504) 
(128, 128) (133.17638090205043, 147.31851652578138) (113.85786437626905, 142.14213562373095) (108.68148347421862, 122.82361909794959) (122.82361909794957, 108.68148347421864) (142.14213562373095, 113.85786437626903) (147.31851652578138, 133.1763809020504) 
(29, 124) (34.17638090205042, 143.31851652578138) (14.85786437626905, 138.14213562373095) (9.68148347421863, 118.82361909794959) (23.823619097949567, 104.68148347421864) (43.14213562373094, 109.85786437626903) (48.31851652578138, 129.1763809020504) 
(227, 128) (232.17638090205043, 147.31851652578138) (212.85786437626905, 142.14213562373095) (207.68148347421862, 122.82361909794959) (221.82361909794957, 108.68148347421864) (241.14213562373095, 113.85786437626903) (246.31851652578138, 133.1763809020504) 
(244, 128) (249.17638090205043, 147.31851652578138) (229.85786437626905, 142.14213562373095) (224.68148347421862, 122.82361909794959) (238.82361909794957, 108.68148347421864) (258.14213562373095, 113.85786437626903) (263.3185165257814, 133.1763809020504) 
(259, 125) (264.1763809020504, 144.31851652578138) (244.85786437626905, 139.14213562373095) (239.68148347421862, 119.82361909794959) (253.82361909794957, 105.68148347421864) (273.14213562373095, 110.85786437626903) (278.3185165257814, 130.1763809020504) 
(257, 105) (262.1763809020504, 124.31851652578136) (242.85786437626905, 119.14213562373095) (237.68148347421862, 99.82361909794959) (251.82361909794957, 85.68148347421864) (271.14213562373095, 90.85786437626903) (276.3185165257814, 110.17638090205038) 
(257, 85) (262.1763809020504, 104.31851652578136) (242.85786437626905, 99.14213562373095) (237.68148347421862, 79.82361909794959) (251.82361909794957, 65.68148347421864) (271.14213562373095, 70.85786437626903) (276.3185165257814, 90.17638090205038) 
(259, 65) (264.1763809020504, 84.31851652578136) (244.85786437626905, 79.14213562373095) (239.68148347421862, 59.823619097949596) (253.82361909794957, 45.68148347421864) (273.14213562373095, 50.857864376269035) (278.3185165257814, 70.17638090205038) 
(256, 34) (261.1763809020504, 53.31851652578136) (241.85786437626905, 48.14213562373095) (236.68148347421862, 28.823619097949592) (250.82361909794957, 14.681483474218638) (270.14213562373095, 19.857864376269035) (275.3185165257814, 39.17638090205039) 
(256, 12) (261.1763809020504, 31.318516525781362) (241.85786437626905, 26.14213562373095) (236.68148347421862, 6.823619097949593) (250.82361909794957, -7.318516525781362) (270.14213562373095, -2.142135623730967) (275.3185165257814, 17.176380902050386) 
(468, 6) (473.1763809020504, 25.318516525781362) (453.85786437626905, 20.14213562373095) (448.6814834742186, 0.8236190979495932) (462.8236190979496, -13.318516525781362) (482.14213562373095, -8.142135623730967) (487.3185165257814, 11.176380902050386) 
(472, 25) (477.1763809020504, 44.31851652578136) (457.85786437626905, 39.14213562373095) (452.6814834742186, 19.823619097949592) (466.8236190979496, 5.681483474218638) (486.14213562373095, 10.857864376269033) (491.3185165257814, 30.176380902050386) 
(471, 46) (476.1763809020504, 65.31851652578136) (456.85786437626905, 60.14213562373095) (451.6814834742186, 40.823619097949596) (465.8236190979496, 26.681483474218638) (485.14213562373095, 31.857864376269035) (490.3185165257814, 51.17638090205039) 
(471, 50) (476.1763809020504, 69.31851652578136) (456.85786437626905, 64.14213562373095) (451.6814834742186, 44.823619097949596) (465.8236190979496, 30.681483474218638) (485.14213562373095, 35.857864376269035) (490.3185165257814, 55.17638090205039) 
(465, 81) (470.1763809020504, 100.31851652578136) (450.85786437626905, 95.14213562373095) (445.6814834742186, 75.82361909794959) (459.8236190979496, 61.68148347421864) (479.14213562373095, 66.85786437626903) (484.3185165257814, 86.17638090205038) 
(466, 97) (471.1763809020504, 116.31851652578136) (451.85786437626905, 111.14213562373095) (446.6814834742186, 91.82361909794959) (460.8236190979496, 77.68148347421864) (480.14213562373095, 82.85786437626903) (485.3185165257814, 102.17638090205038) 
(468, 111) (473.1763809020504, 130.31851652578138) (453.85786437626905, 125.14213562373095) (448.6814834742186, 105.82361909794959) (462.8236190979496, 91.68148347421864) (482.14213562373095, 96.85786437626903) (487.3185165257814, 116.17638090205038) 
(530, 405) (535.1763809020504, 424.3185165257814) (515.857864376269, 419.14213562373095) (510.6814834742186, 399.8236190979496) (524.8236190979495, 385.6814834742186) (544.142135623731, 390.85786437626905) (549.3185165257813, 410.17638090205037) 
(531, 372) (536.1763809020504, 391.3185165257814) (516.857864376269, 386.14213562373095) (511.6814834742186, 366.8236190979496) (525.8236190979495, 352.6814834742186) (545.142135623731, 357.85786437626905) (550.3185165257813, 377.17638090205037) 
(531, 331) (536.1763809020504, 350.3185165257814) (516.857864376269, 345.14213562373095) (511.6814834742186, 325.8236190979496) (525.8236190979495, 311.6814834742186) (545.142135623731, 316.85786437626905) (550.3185165257813, 336.17638090205037) 
(527, 287) (532.1763809020504, 306.3185165257814) (512.857864376269, 301.14213562373095) (507.6814834742186, 281.8236190979496) (521.8236190979495, 267.6814834742186) (541.142135623731, 272.85786437626905) (546.3185165257813, 292.17638090205037) 
(529, 314) (534.1763809020504, 333.3185165257814) (514.857864376269, 328.14213562373095) (509.6814834742186, 308.8236190979496) (523.8236190979495, 294.6814834742186) (543.142135623731, 299.85786437626905) (548.3185165257813, 319.17638090205037) 
(533, 352) (538.1763809020504, 371.3185165257814) (518.857864376269, 366.14213562373095) (513.6814834742187, 346.8236190979496) (527.8236190979495, 332.6814834742186) (547.142135623731, 337.85786437626905) (552.3185165257813, 357.17638090205037) 
(550, 320) (555.1763809020504, 339.3185165257814) (535.857864376269, 334.14213562373095) (530.6814834742187, 314.8236190979496) (544.8236190979495, 300.6814834742186) (564.142135623731, 305.85786437626905) (569.3185165257813, 325.17638090205037) 
(575, 324) (580.1763809020504, 343.3185165257814) (560.857864376269, 338.14213562373095) (555.6814834742187, 318.8236190979496) (569.8236190979495, 304.6814834742186) (589.142135623731, 309.85786437626905) (594.3185165257813, 329.17638090205037) 
(593, 324) (598.1763809020504, 343.3185165257814) (578.857864376269, 338.14213562373095) (573.6814834742187, 318.8236190979496) (587.8236190979495, 304.6814834742186) (607.142135623731, 309.85786437626905) (612.3185165257813, 329.17638090205037) 
(614, 324) (619.1763809020504, 343.3185165257814) (599.857864376269, 338.14213562373095) (594.6814834742187, 318.8236190979496) (608.8236190979495, 304.6814834742186) (628.142135623731, 309.85786437626905) (633.3185165257813, 329.17638090205037) 
(640, 328) (645.1763809020504, 347.3185165257814) (625.857864376269, 342.14213562373095) (620.6814834742187, 322.8236190979496) (634.8236190979495, 308.6814834742186) (654.142135623731, 313.85786437626905) (659.3185165257813, 333.17638090205037) 
(674, 328) (679.1763809020504, 347.3185165257814) (659.857864376269, 342.14213562373095) (654.6814834742187, 322.8236190979496) (668.8236190979495, 308.6814834742186) (688.142135623731, 313.85786437626905) (693.3185165257813, 333.17638090205037) 
(667, 328) (672.1763809020504, 347.3185165257814) (652.857864376269, 342.14213562373095) (647.6814834742187, 322.8236190979496) (661.8236190979495, 308.6814834742186) (681.142135623731, 313.85786437626905) (686.3185165257813, 333.17638090205037) 
(692, 327) (697.1763809020504, 346.3185165257814) (677.857864376269, 341.14213562373095) (672.6814834742187, 321.8236190979496) (686.8236190979495, 307.6814834742186) (706.142135623731, 312.85786437626905) (711.3185165257813, 332.17638090205037) 
(716, 331) (721.1763809020504, 350.3185165257814) (701.857864376269, 345.14213562373095) (696.6814834742187, 325.8236190979496) (710.8236190979495, 311.6814834742186) (730.142135623731, 316.85786437626905) (735.3185165257813, 336.17638090205037) 
(744, 331) (749.1763809020504, 350.3185165257814) (729.857864376269, 345.14213562373095) (724.6814834742187, 325.8236190979496) (738.8236190979495, 311.6814834742186) (758.142135623731, 316.85786437626905) (763.3185165257813, 336.17638090205037) 
(772, 331) (777.1763809020504, 350.3185165257814) (757.857864376269, 345.14213562373095) (752.6814834742187, 325.8236190979496) (766.8236190979495, 311.6814834742186) (786.142135623731, 316.85786437626905) (791.3185165257813, 336.17638090205037) 
(533, 487) (538.1763809020504, 506.3185165257814) (518.857864376269, 501.14213562373095) (513.6814834742187, 481.8236190979496) (527.8236190979495, 467.6814834742186) (547.142135623731, 472.85786437626905) (552.3185165257813, 492.17638090205037) 
(526, 520) (531.1763809020504, 539.3185165257813) (511.85786437626905, 534.142135623731) (506.6814834742186, 514.8236190979496) (520.8236190979495, 500.6814834742186) (540.142135623731, 505.85786437626905) (545.3185165257813, 525.1763809020504) 
(533, 532) (538.1763809020504, 551.3185165257813) (518.857864376269, 546.142135623731) (513.6814834742187, 526.8236190979496) (527.8236190979495, 512.6814834742187) (547.142135623731, 517.857864376269) (552.3185165257813, 537.1763809020504) 
(533, 538) (538.1763809020504, 557.3185165257813) (518.857864376269, 552.142135623731) (513.6814834742187, 532.8236190979496) (527.8236190979495, 518.6814834742187) (547.142135623731, 523.857864376269) (552.3185165257813, 543.1763809020504) 
(533, 538) (538.1763809020504, 557.3185165257813) (518.857864376269, 552.142135623731) (513.6814834742187, 532.8236190979496) (527.8236190979495, 518.6814834742187) (547.142135623731, 523.857864376269) (552.3185165257813, 543.1763809020504) 
(530, 559) (535.1763809020504, 578.3185165257813) (515.857864376269, 573.142135623731) (510.6814834742186, 553.8236190979496) (524.8236190979495, 539.6814834742187) (544.142135623731, 544.857864376269) (549.3185165257813, 564.1763809020504) 
(531, 574) (536.1763809020504, 593.3185165257813) (516.857864376269, 588.142135623731) (511.6814834742186, 568.8236190979496) (525.8236190979495, 554.6814834742187) (545.142135623731, 559.857864376269) (550.3185165257813, 579.1763809020504) 
(480, 137) (485.1763809020504, 156.31851652578138) (465.85786437626905, 151.14213562373095) (460.6814834742186, 131.8236190979496) (474.8236190979496, 117.68148347421864) (494.14213562373095, 122.85786437626903) (499.3185165257814, 142.1763809020504) 
(492, 158) (497.1763809020504, 177.31851652578138) (477.85786437626905, 172.14213562373095) (472.6814834742186, 152.8236190979496) (486.8236190979496, 138.68148347421862) (506.14213562373095, 143.85786437626902) (511.3185165257814, 163.1763809020504) 
(501, 178) (506.1763809020504, 197.31851652578138) (486.85786437626905, 192.14213562373095) (481.6814834742186, 172.8236190979496) (495.8236190979496, 158.68148347421862) (515.142135623731, 163.85786437626902) (520.3185165257813, 183.1763809020504) 
(221, 282) (226.17638090205043, 301.3185165257814) (206.85786437626905, 296.14213562373095) (201.68148347421862, 276.8236190979496) (215.82361909794957, 262.6814834742186) (235.14213562373095, 267.85786437626905) (240.31851652578138, 287.17638090205037) 
(197, 311) (202.17638090205043, 330.3185165257814) (182.85786437626905, 325.14213562373095) (177.68148347421862, 305.8236190979496) (191.82361909794957, 291.6814834742186) (211.14213562373095, 296.85786437626905) (216.31851652578138, 316.17638090205037) 
(168, 426) (173.17638090205043, 445.3185165257814) (153.85786437626905, 440.14213562373095) (148.68148347421862, 420.8236190979496) (162.82361909794957, 406.6814834742186) (182.14213562373095, 411.85786437626905) (187.31851652578138, 431.17638090205037) 
(314, 437) (319.1763809020504, 456.3185165257814) (299.85786437626905, 451.14213562373095) (294.6814834742186, 431.8236190979496) (308.8236190979496, 417.6814834742186) (328.14213562373095, 422.85786437626905) (333.3185165257814, 442.17638090205037) 
(73, 523) (78.17638090205043, 542.3185165257813) (58.85786437626905, 537.142135623731) (53.68148347421863, 517.8236190979496) (67.82361909794957, 503.6814834742186) (87.14213562373094, 508.85786437626905) (92.31851652578138, 528.1763809020504) 
(85, 296) (90.17638090205043, 315.3185165257814) (70.85786437626905, 310.14213562373095) (65.68148347421862, 290.8236190979496) (79.82361909794957, 276.6814834742186) (99.14213562373094, 281.85786437626905) (104.31851652578138, 301.17638090205037) 
(356, 234) (361.1763809020504, 253.31851652578138) (341.85786437626905, 248.14213562373095) (336.6814834742186, 228.8236190979496) (350.8236190979496, 214.68148347421862) (370.14213562373095, 219.85786437626902) (375.3185165257814, 239.1763809020504) 
(260, 209) (265.1763809020504, 228.31851652578138) (245.85786437626905, 223.14213562373095) (240.68148347421862, 203.8236190979496) (254.82361909794957, 189.68148347421862) (274.14213562373095, 194.85786437626902) (279.3185165257814, 214.1763809020504) 
(409, 386) (414.1763809020504, 405.3185165257814) (394.85786437626905, 400.14213562373095) (389.6814834742186, 380.8236190979496) (403.8236190979496, 366.6814834742186) (423.14213562373095, 371.85786437626905) (428.3185165257814, 391.17638090205037) 

